
input_args.nucleiCharges = [8 6 1 1];
input_args.xyzSites = [...
    1.1404   -1.1398   -2.2605   -2.2675
    -0.0023    0.0023    1.7753   -1.7663
    -0.0001    0.0001    0.0620   -0.0618];
input_args.shellNfuncs = [1 1 3 1 1 3 1 1];
input_args.shell2atom = [1 1 1 2 2 2 3 4];
input_args.shellNprims = [3 3 3 3 3 3 3 3];

input_args.primExps = [130.7093 23.8089 6.4436 5.0332 1.1696 0.3804 ...
    5.0332 1.1696 0.3804 71.6168 13.0451 3.5305 2.9412 0.6835 0.2223 ...
    2.9412 0.6835 0.2223 3.4253 0.6239 0.1689 3.4253 0.6239 0.1689];
input_args.primCoefs = [0.1543 0.5353 0.4446 -0.1000 0.3995 0.7001 ...
    0.1559 0.6077 0.3920 0.1543 0.5353 0.4446 -0.1000 0.3995 0.7001 ...
    0.1559 0.6077 0.3920 0.1543 0.5353 0.4446 0.1543 0.5353 0.4446];
input_args.density = [...
    2.1105   -0.4631   -0.0960    0.0002    0.0000    0.0127   -0.0023   -0.0440    0.0001    0.0000    0.0093    0.0093
    -0.4631    2.0473    0.5580   -0.0011   -0.0000   -0.0088   -0.1766   -0.0064    0.0000    0.0000   -0.0207   -0.0207
    -0.0960    0.5580    1.0387    0.0017    0.0001    0.1519   -0.4248   -0.5841    0.0015    0.0000    0.1169    0.1183
    0.0002   -0.0011    0.0017    1.8987    0.0345   -0.0003    0.0008    0.0015    0.1600   -0.0231   -0.3656    0.3652
    0.0000   -0.0000    0.0001    0.0345    0.9131   -0.0000    0.0000    0.0000   -0.0231    0.8198   -0.0128    0.0128
    0.0127   -0.0088    0.1519   -0.0003   -0.0000    2.0719   -0.2242    0.0173   -0.0000   -0.0000   -0.1081   -0.1081
    -0.0023   -0.1766   -0.4248    0.0008    0.0000   -0.2242    0.8456   -0.0858    0.0002    0.0000    0.2915    0.2915
    -0.0440   -0.0064   -0.5841    0.0015    0.0000    0.0173   -0.0858    0.5504    0.0002    0.0000   -0.2516   -0.2534
    0.0001    0.0000    0.0015    0.1600   -0.0231   -0.0000    0.0002    0.0002    0.6334   -0.0037    0.4494   -0.4484
    0.0000    0.0000    0.0000   -0.0231    0.8198   -0.0000    0.0000    0.0000   -0.0037    0.7383    0.0157   -0.0157
    0.0093   -0.0207    0.1169   -0.3656   -0.0128   -0.1081    0.2915   -0.2516    0.4494    0.0157    0.6349   -0.2485
    0.0093   -0.0207    0.1183    0.3652    0.0128   -0.1081    0.2915   -0.2534   -0.4484   -0.0157   -0.2485    0.6348];
input_args.limit = [4 4 1 1];
input_args.bigexp = 0;

multipoles = matgdma_mex(input_args);
multipoles = multipoles(2:(max(input_args.limit)+1)^2+1, 1:length(input_args.limit))
